0,-62,54,1428808154
0,-10,-11,1428808156
0,31,-39,1428808158
0,-18,8,1428808158
0,86,68,1428808159
0,-51,-45,1428808160
0,-53,47,1428808160
0,29,-28,1428808161
0,26,17,1428808161
0,-42,-50,1428808162
0,-46,24,1428808162
0,66,24,1428808163
0,41,-35,1428808163
0,-51,-75,1428808164
0,-59,74,1428808164
0,44,41,1428808165
0,25,-47,1428808165
0,-56,-59,1428808166
0,-64,-11,1428808166
0,-38,13,1428808167
0,43,37,1428808167
0,-89,-41,1428808168
0,-60,31,1428808169
0,15,35,1428808169
0,18,-39,1428808170
0,-45,-44,1428808170
0,-47,36,1428808171
0,-47,36,1428808171
0,31,21,1428808172
0,33,-55,1428808172
0,-66,-38,1428808172
0,-36,25,1428808173
