0,35,39,1428807018
0,-52,46,1428807020
0,-44,-32,1428807020
0,77,-39,1428807022
0,58,43,1428807023
0,41,25,1428807026
0,-33,27,1428807027
0,-19,-13,1428807028
0,42,-32,1428807029
0,-2,-41,1428807030
0,-52,-61,1428807031
0,-58,33,1428807032
0,27,66,1428807033
0,53,38,1428807034
0,56,-52,1428807035
0,-18,-88,1428807035
0,-49,-38,1428807036
0,-61,23,1428807037
0,-45,69,1428807038
0,22,32,1428807039
0,57,-18,1428807040
0,58,-41,1428807041
0,-26,-60,1428807042
0,-51,-45,1428807043
0,-46,13,1428807044
0,-55,47,1428807044
0,-25,61,1428807045
0,-21,-16,1428807046
0,-56,-63,1428807047
0,-26,-69,1428807048
0,-56,-45,1428807048
0,-42,14,1428807049
0,-30,63,1428807051
0,30,56,1428807052
0,54,35,1428807052
0,62,-36,1428807053
0,52,-53,1428807054
0,-57,43,1428807055
0,22,-17,1428807056
0,-47,-52,1428807056
0,41,41,1428807058
0,-20,28,1428807059
0,26,-42,1428807059
0,-59,-43,1428807060
0,-33,56,1428807061
0,60,60,1428807062
0,37,-53,1428807063
0,-24,-64,1428807064
0,-22,32,1428807064
0,56,69,1428807065
0,59,-50,1428807066
0,-17,-58,1428807067
0,-36,30,1428807068
0,29,52,1428807069
0,40,-26,1428807070
0,-48,-78,1428807071
0,10,20,1428807072
0,-62,32,1428807072
0,31,-18,1428807073
0,-40,-56,1428807074
0,22,37,1428807075
0,-17,27,1428807076
0,69,-34,1428807077
0,-9,-36,1428807077
0,-19,50,1428807079
0,26,36,1428807079
0,32,-39,1428807080
0,-37,-63,1428807081
0,19,-35,1428807081
0,-29,-50,1428807082
